# ============== DNAmChartActivity =================
highs = 6.610245704, 10.78077888, 10.68142033, 6.514954805, 10.76588702, 10.68136191
lows = 3.526574136, 0.655260087, 4.141678811, 0.760527849, -3.450732471, -0.282350778
q1 = 4.682950974, 4.452329636, 6.594081879, 2.918437958, 1.88049984, 3.829041481
q2 = 4.898427963, 5.861248016, 7.595840454, 3.940655709, 3.180741311, 5.642915726
q3 = 5.453868866, 6.983709335, 8.229017258, 4.357044697, 5.434654713, 6.569969654
outliers = {1.945394516, 6.936084747}, {}, {2.422616959, 0.878881454, 12.48765945, 11.21656227}, {}, {}, {}
names = OTX1, ZNF154, ZIC4
# ====== risk model hyperparameter
wGenes = -0.638179220419963, -0.456567574904199, 0.0226810142948054
bias = 4.8073381543249

# ====== blue, green, yellow ======
colors = #70CCE1, #00FF00, #FFE200
xPos = 0.35, 0.5, 0.65