# ============== DNAmChartActivity =================
lows = 6.610245704, 6.514954805, 10.78077888, 10.76588702, 10.68142033, 10.68136191
highs = 3.526574136, 0.760527849, 0.655260087, -3.450732471, 4.141678811, -0.282350778
q1 = 4.682950974, 2.918437958, 4.452329636, 1.88049984, 6.594081879, 3.829041481
q2 = 4.898427963, 3.940655709, 5.861248016, 3.180741311, 7.595840454, 5.642915726
q3 = 5.453868866, 4.357044697, 6.983709335, 5.434654713, 8.229017258, 6.569969654
outliers = {1.945394516, 6.936084747}, {}, {}, {}, {2.422616959, 0.878881454, 12.48765945, 11.21656227}, {}
names = OTX1, ZNF154, ZIC4
# ====== blue, green, yellow ======
colors = #70CCE1, #00FF00, #FFE200
xPos = 0.35, 0.5, 0.65