# ============ uterus model =============
uterus.model.weights = (621, 2.956789923), (626, 2.318022543), (218, 2.2224833), (617, 0.396090277), (285, 0.715166833)
uterus.model.bias = -1.989302649

# ============ ovary model ==============
ovary.model.weights = (220, 2.932600191), (620, 1.89154389), (617, 1.305626943) ,(218, 1.395308311), (614, -0.185934122)
ovary.model.bias = -0.82023496

# ============ bladder model =============
bladder.model.weights = (599, 2.084086826), (592, 1.178700798), (595, 0.88023129), (600, 0.73738524), (585, 1.074351061), (582, 0.940124001), (591, 1.034376587)
bladder.model.bias = -1.272319953
