# ============ uterus model =============
uterus.model.weights = (621, 2.956789923), (626, 2.318022543), (218, 2.2224833), (617, 0.396090277), (285, 0.715166833)
uterus.model.bias = -1.989302649

# ============ ovary model ==============
ovary.model.weights = (220, 2.959887845), (620, 2.702053949), (617, 1.044250182) ,(218, 1.591100796), (614, 1.270427267)
ovary.model.bias = -1.28364682

# ============ bladder model =============
bladder.model.weights = (599, 2.084086826), (592, 1.178700798), (595, 0.88023129), (600, 0.73738524), (585, 1.074351061), (582, 0.940124001), (591, 1.034376587)
bladder.model.bias = -1.272319953

# ============ rectum model ===============
rectum.model.weights = (578, 2.040020793), (455, 1.590186005), (532, 1.453359203), (211, 1.902799839)
rectum.model.bias = -1.19823043



